t, x0,x1,x2,x3,x4,x5,x6,x7,x8,x9,x10,x11,x12,x13,x14,x15,x16,x17,x18,x19,x20
0.000,0.000, 0.309, 0.588, 0.809, 0.951, 1.000, 0.951, 0.809, 0.588, 0.309, -0.000, -0.309, -0.588, -0.809, -0.951, -1.000, -0.951, -0.809, -0.588, -0.309, 0.000
0.025,0.000, 0.305, 0.581, 0.799, 0.939, 0.988, 0.939, 0.799, 0.581, 0.305, -0.000, -0.305, -0.581, -0.799, -0.939, -0.988, -0.939, -0.799, -0.581, -0.305, 0.000
0.050,0.000, 0.294, 0.559, 0.770, 0.905, 0.951, 0.905, 0.770, 0.559, 0.294, -0.000, -0.294, -0.559, -0.770, -0.905, -0.951, -0.905, -0.770, -0.559, -0.294, 0.000
0.075,0.000, 0.276, 0.524, 0.721, 0.848, 0.892, 0.848, 0.721, 0.524, 0.276, -0.000, -0.276, -0.524, -0.721, -0.848, -0.892, -0.848, -0.721, -0.524, -0.276, 0.000
0.100,0.000, 0.250, 0.476, 0.655, 0.771, 0.810, 0.771, 0.655, 0.476, 0.250, -0.000, -0.250, -0.476, -0.655, -0.771, -0.810, -0.771, -0.655, -0.476, -0.250, 0.000
0.125,0.000, 0.219, 0.417, 0.573, 0.674, 0.709, 0.674, 0.573, 0.417, 0.219, -0.000, -0.219, -0.417, -0.573, -0.674, -0.709, -0.674, -0.573, -0.417, -0.219, 0.000
0.150,0.000, 0.182, 0.347, 0.477, 0.561, 0.590, 0.561, 0.477, 0.347, 0.182, -0.000, -0.182, -0.347, -0.477, -0.561, -0.590, -0.561, -0.477, -0.347, -0.182, 0.000
0.175,0.000, 0.141, 0.269, 0.370, 0.435, 0.457, 0.435, 0.370, 0.269, 0.141, -0.000, -0.141, -0.269, -0.370, -0.435, -0.457, -0.435, -0.370, -0.269, -0.141, 0.000
0.200,0.000, 0.097, 0.184, 0.253, 0.297, 0.313, 0.297, 0.253, 0.184, 0.097, -0.000, -0.097, -0.184, -0.253, -0.297, -0.313, -0.297, -0.253, -0.184, -0.097, 0.000
0.225,0.000, 0.050, 0.094, 0.130, 0.153, 0.161, 0.153, 0.130, 0.094, 0.050, -0.000, -0.050, -0.094, -0.130, -0.153, -0.161, -0.153, -0.130, -0.094, -0.050, 0.000
0.250,0.000, 0.001, 0.003, 0.004, 0.005, 0.005, 0.005, 0.004, 0.003, 0.001, -0.000, -0.001, -0.003, -0.004, -0.005, -0.005, -0.005, -0.004, -0.003, -0.001, 0.000
0.275,0.000, -0.047, -0.089, -0.122, -0.144, -0.151, -0.144, -0.122, -0.089, -0.047, 0.000, 0.047, 0.089, 0.122, 0.144, 0.151, 0.144, 0.122, 0.089, 0.047, 0.000
0.300,0.000, -0.094, -0.178, -0.246, -0.289, -0.303, -0.289, -0.246, -0.178, -0.094, 0.000, 0.094, 0.178, 0.246, 0.289, 0.303, 0.289, 0.246, 0.178, 0.094, 0.000
0.325,0.000, -0.139, -0.264, -0.363, -0.426, -0.448, -0.426, -0.363, -0.264, -0.139, 0.000, 0.139, 0.264, 0.363, 0.426, 0.448, 0.426, 0.363, 0.264, 0.139, 0.000
0.350,0.000, -0.180, -0.342, -0.471, -0.554, -0.582, -0.554, -0.471, -0.342, -0.180, 0.000, 0.180, 0.342, 0.471, 0.554, 0.582, 0.554, 0.471, 0.342, 0.180, 0.000
0.375,0.000, -0.217, -0.413, -0.568, -0.668, -0.702, -0.668, -0.568, -0.413, -0.217, 0.000, 0.217, 0.413, 0.568, 0.668, 0.702, 0.668, 0.568, 0.413, 0.217, 0.000
0.400,0.000, -0.249, -0.473, -0.651, -0.765, -0.804, -0.765, -0.651, -0.473, -0.249, 0.000, 0.249, 0.473, 0.651, 0.765, 0.804, 0.765, 0.651, 0.473, 0.249, 0.000
0.425,0.000, -0.274, -0.522, -0.718, -0.844, -0.887, -0.844, -0.718, -0.522, -0.274, 0.000, 0.274, 0.522, 0.718, 0.844, 0.887, 0.844, 0.718, 0.522, 0.274, 0.000
0.450,0.000, -0.293, -0.557, -0.767, -0.902, -0.948, -0.902, -0.767, -0.557, -0.293, 0.000, 0.293, 0.557, 0.767, 0.902, 0.948, 0.902, 0.767, 0.557, 0.293, 0.000
0.475,0.000, -0.305, -0.580, -0.798, -0.938, -0.986, -0.938, -0.798, -0.580, -0.305, 0.000, 0.305, 0.580, 0.798, 0.938, 0.986, 0.938, 0.798, 0.580, 0.305, 0.000
0.500,0.000, -0.309, -0.588, -0.809, -0.951, -1.000, -0.951, -0.809, -0.588, -0.309, 0.000, 0.309, 0.588, 0.809, 0.951, 1.000, 0.951, 0.809, 0.588, 0.309, 0.000
0.525,0.000, -0.306, -0.581, -0.800, -0.941, -0.989, -0.941, -0.800, -0.581, -0.306, -0.000, 0.306, 0.581, 0.800, 0.941, 0.989, 0.941, 0.800, 0.581, 0.306, 0.000
0.550,0.000, -0.295, -0.561, -0.772, -0.908, -0.954, -0.908, -0.772, -0.561, -0.295, -0.000, 0.295, 0.561, 0.772, 0.908, 0.954, 0.908, 0.772, 0.561, 0.295, 0.000
0.575,0.000, -0.277, -0.527, -0.725, -0.852, -0.896, -0.852, -0.725, -0.527, -0.277, -0.000, 0.277, 0.527, 0.725, 0.852, 0.896, 0.852, 0.725, 0.527, 0.277, 0.000
0.600,0.000, -0.252, -0.480, -0.660, -0.776, -0.816, -0.776, -0.660, -0.480, -0.252, -0.000, 0.252, 0.480, 0.660, 0.776, 0.816, 0.776, 0.660, 0.480, 0.252, 0.000
0.625,0.000, -0.221, -0.421, -0.579, -0.681, -0.716, -0.681, -0.579, -0.421, -0.221, -0.000, 0.221, 0.421, 0.579, 0.681, 0.716, 0.681, 0.579, 0.421, 0.221, 0.000
0.650,0.000, -0.185, -0.351, -0.484, -0.569, -0.598, -0.569, -0.484, -0.351, -0.185, -0.000, 0.185, 0.351, 0.484, 0.569, 0.598, 0.569, 0.484, 0.351, 0.185, 0.000
0.675,0.000, -0.144, -0.274, -0.377, -0.443, -0.466, -0.443, -0.377, -0.274, -0.144, -0.000, 0.144, 0.274, 0.377, 0.443, 0.466, 0.443, 0.377, 0.274, 0.144, 0.000
0.700,0.000, -0.099, -0.189, -0.260, -0.306, -0.322, -0.306, -0.260, -0.189, -0.099, -0.000, 0.099, 0.189, 0.260, 0.306, 0.322, 0.306, 0.260, 0.189, 0.099, 0.000
0.725,0.000, -0.053, -0.100, -0.138, -0.162, -0.170, -0.162, -0.138, -0.100, -0.053, 0.000, 0.053, 0.100, 0.138, 0.162, 0.170, 0.162, 0.138, 0.100, 0.053, 0.000
0.750,0.000, -0.004, -0.009, -0.012, -0.014, -0.015, -0.014, -0.012, -0.009, -0.004, 0.000, 0.004, 0.009, 0.012, 0.014, 0.015, 0.014, 0.012, 0.009, 0.004, 0.000
0.775,0.000, 0.044, 0.083, 0.115, 0.135, 0.142, 0.135, 0.115, 0.083, 0.044, 0.000, -0.044, -0.083, -0.115, -0.135, -0.142, -0.135, -0.115, -0.083, -0.044, 0.000
0.800,0.000, 0.091, 0.173, 0.238, 0.280, 0.294, 0.280, 0.238, 0.173, 0.091, 0.000, -0.091, -0.173, -0.238, -0.280, -0.294, -0.280, -0.238, -0.173, -0.091, 0.000
0.825,0.000, 0.136, 0.258, 0.356, 0.418, 0.440, 0.418, 0.356, 0.258, 0.136, 0.000, -0.136, -0.258, -0.356, -0.418, -0.440, -0.418, -0.356, -0.258, -0.136, 0.000
0.850,0.000, 0.177, 0.338, 0.465, 0.546, 0.574, 0.546, 0.465, 0.338, 0.177, 0.000, -0.177, -0.338, -0.465, -0.546, -0.574, -0.546, -0.465, -0.338, -0.177, 0.000
0.875,0.000, 0.215, 0.409, 0.562, 0.661, 0.695, 0.661, 0.562, 0.409, 0.215, 0.000, -0.215, -0.409, -0.562, -0.661, -0.695, -0.661, -0.562, -0.409, -0.215, 0.000
0.900,0.000, 0.247, 0.469, 0.646, 0.760, 0.799, 0.760, 0.646, 0.469, 0.247, 0.000, -0.247, -0.469, -0.646, -0.760, -0.799, -0.760, -0.646, -0.469, -0.247, 0.000
0.925,0.000, 0.273, 0.519, 0.714, 0.840, 0.883, 0.840, 0.714, 0.519, 0.273, 0.000, -0.273, -0.519, -0.714, -0.840, -0.883, -0.840, -0.714, -0.519, -0.273, 0.000
0.950,0.000, 0.292, 0.556, 0.765, 0.899, 0.945, 0.899, 0.765, 0.556, 0.292, 0.000, -0.292, -0.556, -0.765, -0.899, -0.945, -0.899, -0.765, -0.556, -0.292, 0.000
0.975,0.000, 0.304, 0.579, 0.797, 0.936, 0.985, 0.936, 0.797, 0.579, 0.304, 0.000, -0.304, -0.579, -0.797, -0.936, -0.985, -0.936, -0.797, -0.579, -0.304, 0.000
1.000,0.000, 0.309, 0.588, 0.809, 0.951, 1.000, 0.951, 0.809, 0.588, 0.309, 0.000, -0.309, -0.588, -0.809, -0.951, -1.000, -0.951, -0.809, -0.588, -0.309, 0.000
1.025,0.000, 0.306, 0.582, 0.801, 0.942, 0.991, 0.942, 0.801, 0.582, 0.306, 0.000, -0.306, -0.582, -0.801, -0.942, -0.991, -0.942, -0.801, -0.582, -0.306, 0.000
1.050,0.000, 0.296, 0.563, 0.774, 0.910, 0.957, 0.910, 0.774, 0.563, 0.296, 0.000, -0.296, -0.563, -0.774, -0.910, -0.957, -0.910, -0.774, -0.563, -0.296, 0.000
1.075,0.000, 0.278, 0.529, 0.728, 0.856, 0.900, 0.856, 0.728, 0.529, 0.278, 0.000, -0.278, -0.529, -0.728, -0.856, -0.900, -0.856, -0.728, -0.529, -0.278, 0.000
1.100,0.000, 0.254, 0.483, 0.665, 0.781, 0.821, 0.781, 0.665, 0.483, 0.254, 0.000, -0.254, -0.483, -0.665, -0.781, -0.821, -0.781, -0.665, -0.483, -0.254, 0.000
1.125,0.000, 0.223, 0.425, 0.584, 0.687, 0.722, 0.687, 0.584, 0.425, 0.223, 0.000, -0.223, -0.425, -0.584, -0.687, -0.722, -0.687, -0.584, -0.425, -0.223, 0.000
1.150,0.000, 0.187, 0.356, 0.490, 0.576, 0.606, 0.576, 0.490, 0.356, 0.187, 0.000, -0.187, -0.356, -0.490, -0.576, -0.606, -0.576, -0.490, -0.356, -0.187, 0.000
1.175,0.000, 0.147, 0.279, 0.384, 0.451, 0.474, 0.451, 0.384, 0.279, 0.147, 0.000, -0.147, -0.279, -0.384, -0.451, -0.474, -0.451, -0.384, -0.279, -0.147, 0.000
1.200,0.000, 0.102, 0.195, 0.268, 0.315, 0.331, 0.315, 0.268, 0.195, 0.102, 0.000, -0.102, -0.195, -0.268, -0.315, -0.331, -0.315, -0.268, -0.195, -0.102, 0.000
1.225,0.000, 0.056, 0.106, 0.146, 0.171, 0.180, 0.171, 0.146, 0.106, 0.056, 0.000, -0.056, -0.106, -0.146, -0.171, -0.180, -0.171, -0.146, -0.106, -0.056, 0.000
1.250,0.000, 0.007, 0.014, 0.020, 0.023, 0.024, 0.023, 0.020, 0.014, 0.007, 0.000, -0.007, -0.014, -0.020, -0.023, -0.024, -0.023, -0.020, -0.014, -0.007, 0.000
1.275,0.000, -0.041, -0.078, -0.107, -0.125, -0.132, -0.125, -0.107, -0.078, -0.041, -0.000, 0.041, 0.078, 0.107, 0.125, 0.132, 0.125, 0.107, 0.078, 0.041, 0.000
1.300,0.000, -0.088, -0.167, -0.231, -0.271, -0.285, -0.271, -0.231, -0.167, -0.088, -0.000, 0.088, 0.167, 0.231, 0.271, 0.285, 0.271, 0.231, 0.167, 0.088, 0.000
1.325,0.000, -0.133, -0.253, -0.349, -0.410, -0.431, -0.410, -0.349, -0.253, -0.133, -0.000, 0.133, 0.253, 0.349, 0.410, 0.431, 0.410, 0.349, 0.253, 0.133, 0.000
1.350,0.000, -0.175, -0.333, -0.458, -0.539, -0.566, -0.539, -0.458, -0.333, -0.175, -0.000, 0.175, 0.333, 0.458, 0.539, 0.566, 0.539, 0.458, 0.333, 0.175, 0.000
1.375,0.000, -0.213, -0.404, -0.557, -0.654, -0.688, -0.654, -0.557, -0.404, -0.213, -0.000, 0.213, 0.404, 0.557, 0.654, 0.688, 0.654, 0.557, 0.404, 0.213, 0.000
1.400,0.000, -0.245, -0.466, -0.641, -0.754, -0.793, -0.754, -0.641, -0.466, -0.245, -0.000, 0.245, 0.466, 0.641, 0.754, 0.793, 0.754, 0.641, 0.466, 0.245, 0.000
1.425,0.000, -0.271, -0.516, -0.710, -0.835, -0.878, -0.835, -0.710, -0.516, -0.271, -0.000, 0.271, 0.516, 0.710, 0.835, 0.878, 0.835, 0.710, 0.516, 0.271, 0.000
1.450,0.000, -0.291, -0.554, -0.762, -0.896, -0.942, -0.896, -0.762, -0.554, -0.291, -0.000, 0.291, 0.554, 0.762, 0.896, 0.942, 0.896, 0.762, 0.554, 0.291, 0.000
1.475,0.000, -0.304, -0.578, -0.795, -0.935, -0.983, -0.935, -0.795, -0.578, -0.304, -0.000, 0.304, 0.578, 0.795, 0.935, 0.983, 0.935, 0.795, 0.578, 0.304, 0.000
1.500,0.000, -0.309, -0.588, -0.809, -0.951, -1.000, -0.951, -0.809, -0.588, -0.309, -0.000, 0.309, 0.588, 0.809, 0.951, 1.000, 0.951, 0.809, 0.588, 0.309, 0.000
1.525,0.000, -0.307, -0.583, -0.802, -0.943, -0.992, -0.943, -0.802, -0.583, -0.307, -0.000, 0.307, 0.583, 0.802, 0.943, 0.992, 0.943, 0.802, 0.583, 0.307, 0.000
1.550,0.000, -0.297, -0.564, -0.777, -0.913, -0.960, -0.913, -0.777, -0.564, -0.297, 0.000, 0.297, 0.564, 0.777, 0.913, 0.960, 0.913, 0.777, 0.564, 0.297, 0.000
1.575,0.000, -0.279, -0.532, -0.732, -0.860, -0.904, -0.860, -0.732, -0.532, -0.279, 0.000, 0.279, 0.532, 0.732, 0.860, 0.904, 0.860, 0.732, 0.532, 0.279, 0.000
1.600,0.000, -0.256, -0.486, -0.669, -0.786, -0.827, -0.786, -0.669, -0.486, -0.256, 0.000, 0.256, 0.486, 0.669, 0.786, 0.827, 0.786, 0.669, 0.486, 0.256, 0.000
1.625,0.000, -0.225, -0.429, -0.590, -0.693, -0.729, -0.693, -0.590, -0.429, -0.225, 0.000, 0.225, 0.429, 0.590, 0.693, 0.729, 0.693, 0.590, 0.429, 0.225, 0.000
1.650,0.000, -0.190, -0.361, -0.496, -0.583, -0.613, -0.583, -0.496, -0.361, -0.190, 0.000, 0.190, 0.361, 0.496, 0.583, 0.613, 0.583, 0.496, 0.361, 0.190, 0.000
1.675,0.000, -0.149, -0.284, -0.391, -0.459, -0.483, -0.459, -0.391, -0.284, -0.149, 0.000, 0.149, 0.284, 0.391, 0.459, 0.483, 0.459, 0.391, 0.284, 0.149, 0.000
1.700,0.000, -0.105, -0.200, -0.275, -0.324, -0.340, -0.324, -0.275, -0.200, -0.105, 0.000, 0.105, 0.200, 0.275, 0.324, 0.340, 0.324, 0.275, 0.200, 0.105, 0.000
1.725,0.000, -0.059, -0.111, -0.153, -0.180, -0.189, -0.180, -0.153, -0.111, -0.059, 0.000, 0.059, 0.111, 0.153, 0.180, 0.189, 0.180, 0.153, 0.111, 0.059, 0.000
1.750,0.000, -0.010, -0.020, -0.027, -0.032, -0.034, -0.032, -0.027, -0.020, -0.010, 0.000, 0.010, 0.020, 0.027, 0.032, 0.034, 0.032, 0.027, 0.020, 0.010, 0.000
1.775,0.000, 0.038, 0.072, 0.099, 0.116, 0.122, 0.116, 0.099, 0.072, 0.038, -0.000, -0.038, -0.072, -0.099, -0.116, -0.122, -0.116, -0.099, -0.072, -0.038, 0.000
1.800,0.000, 0.085, 0.162, 0.223, 0.262, 0.276, 0.262, 0.223, 0.162, 0.085, -0.000, -0.085, -0.162, -0.223, -0.262, -0.276, -0.262, -0.223, -0.162, -0.085, 0.000
1.825,0.000, 0.130, 0.248, 0.342, 0.401, 0.422, 0.401, 0.342, 0.248, 0.130, -0.000, -0.130, -0.248, -0.342, -0.401, -0.422, -0.401, -0.342, -0.248, -0.130, 0.000
1.850,0.000, 0.173, 0.328, 0.452, 0.531, 0.558, 0.531, 0.452, 0.328, 0.173, -0.000, -0.173, -0.328, -0.452, -0.531, -0.558, -0.531, -0.452, -0.328, -0.173, 0.000
1.875,0.000, 0.210, 0.400, 0.551, 0.648, 0.681, 0.648, 0.551, 0.400, 0.210, -0.000, -0.210, -0.400, -0.551, -0.648, -0.681, -0.648, -0.551, -0.400, -0.210, 0.000
1.900,0.000, 0.243, 0.462, 0.637, 0.748, 0.787, 0.748, 0.637, 0.462, 0.243, -0.000, -0.243, -0.462, -0.637, -0.748, -0.787, -0.748, -0.637, -0.462, -0.243, 0.000
1.925,0.000, 0.270, 0.513, 0.707, 0.831, 0.873, 0.831, 0.707, 0.513, 0.270, -0.000, -0.270, -0.513, -0.707, -0.831, -0.873, -0.831, -0.707, -0.513, -0.270, 0.000
1.950,0.000, 0.290, 0.552, 0.759, 0.893, 0.939, 0.893, 0.759, 0.552, 0.290, -0.000, -0.290, -0.552, -0.759, -0.893, -0.939, -0.893, -0.759, -0.552, -0.290, 0.000
1.975,0.000, 0.303, 0.577, 0.794, 0.933, 0.981, 0.933, 0.794, 0.577, 0.303, -0.000, -0.303, -0.577, -0.794, -0.933, -0.981, -0.933, -0.794, -0.577, -0.303, 0.000
2.000,0.000, 0.309, 0.587, 0.808, 0.950, 0.999, 0.950, 0.808, 0.587, 0.309, -0.000, -0.309, -0.587, -0.808, -0.950, -0.999, -0.950, -0.808, -0.587, -0.309, 0.000
2.025,0.000, 0.307, 0.584, 0.803, 0.944, 0.993, 0.944, 0.803, 0.584, 0.307, -0.000, -0.307, -0.584, -0.803, -0.944, -0.993, -0.944, -0.803, -0.584, -0.307, 0.000
2.050,0.000, 0.297, 0.566, 0.779, 0.915, 0.963, 0.915, 0.779, 0.566, 0.297, -0.000, -0.297, -0.566, -0.779, -0.915, -0.963, -0.915, -0.779, -0.566, -0.297, 0.000
2.075,0.000, 0.281, 0.534, 0.735, 0.864, 0.909, 0.864, 0.735, 0.534, 0.281, -0.000, -0.281, -0.534, -0.735, -0.864, -0.909, -0.864, -0.735, -0.534, -0.281, 0.000
2.100,0.000, 0.257, 0.489, 0.673, 0.792, 0.832, 0.792, 0.673, 0.489, 0.257, -0.000, -0.257, -0.489, -0.673, -0.792, -0.832, -0.792, -0.673, -0.489, -0.257, 0.000
2.125,0.000, 0.227, 0.432, 0.595, 0.700, 0.736, 0.700, 0.595, 0.432, 0.227, -0.000, -0.227, -0.432, -0.595, -0.700, -0.736, -0.700, -0.595, -0.432, -0.227, 0.000
2.150,0.000, 0.192, 0.365, 0.502, 0.591, 0.621, 0.591, 0.502, 0.365, 0.192, -0.000, -0.192, -0.365, -0.502, -0.591, -0.621, -0.591, -0.502, -0.365, -0.192, 0.000
2.175,0.000, 0.152, 0.289, 0.397, 0.467, 0.491, 0.467, 0.397, 0.289, 0.152, -0.000, -0.152, -0.289, -0.397, -0.467, -0.491, -0.467, -0.397, -0.289, -0.152, 0.000
2.200,0.000, 0.108, 0.205, 0.283, 0.332, 0.349, 0.332, 0.283, 0.205, 0.108, -0.000, -0.108, -0.205, -0.283, -0.332, -0.349, -0.332, -0.283, -0.205, -0.108, 0.000
2.225,0.000, 0.061, 0.117, 0.161, 0.189, 0.199, 0.189, 0.161, 0.117, 0.061, -0.000, -0.061, -0.117, -0.161, -0.189, -0.199, -0.189, -0.161, -0.117, -0.061, 0.000
2.250,0.000, 0.013, 0.026, 0.035, 0.042, 0.044, 0.042, 0.035, 0.026, 0.013, -0.000, -0.013, -0.026, -0.035, -0.042, -0.044, -0.042, -0.035, -0.026, -0.013, 0.000
2.275,0.000, -0.035, -0.066, -0.091, -0.107, -0.113, -0.107, -0.091, -0.066, -0.035, 0.000, 0.035, 0.066, 0.091, 0.107, 0.113, 0.107, 0.091, 0.066, 0.035, 0.000
2.300,0.000, -0.082, -0.157, -0.215, -0.253, -0.266, -0.253, -0.215, -0.157, -0.082, 0.000, 0.082, 0.157, 0.215, 0.253, 0.266, 0.253, 0.215, 0.157, 0.082, 0.000
2.325,0.000, -0.128, -0.243, -0.334, -0.393, -0.413, -0.393, -0.334, -0.243, -0.128, 0.000, 0.128, 0.243, 0.334, 0.393, 0.413, 0.393, 0.334, 0.243, 0.128, 0.000
2.350,0.000, -0.170, -0.323, -0.445, -0.523, -0.550, -0.523, -0.445, -0.323, -0.170, 0.000, 0.170, 0.323, 0.445, 0.523, 0.550, 0.523, 0.445, 0.323, 0.170, 0.000
2.375,0.000, -0.208, -0.396, -0.545, -0.641, -0.674, -0.641, -0.545, -0.396, -0.208, 0.000, 0.208, 0.396, 0.545, 0.641, 0.674, 0.641, 0.545, 0.396, 0.208, 0.000
2.400,0.000, -0.241, -0.459, -0.632, -0.743, -0.781, -0.743, -0.632, -0.459, -0.241, 0.000, 0.241, 0.459, 0.632, 0.743, 0.781, 0.743, 0.632, 0.459, 0.241, 0.000
2.425,0.000, -0.268, -0.511, -0.703, -0.826, -0.869, -0.826, -0.703, -0.511, -0.268, 0.000, 0.268, 0.511, 0.703, 0.826, 0.869, 0.826, 0.703, 0.511, 0.268, 0.000
2.450,0.000, -0.289, -0.550, -0.757, -0.890, -0.935, -0.890, -0.757, -0.550, -0.289, 0.000, 0.289, 0.550, 0.757, 0.890, 0.935, 0.890, 0.757, 0.550, 0.289, 0.000
2.475,0.000, -0.303, -0.575, -0.792, -0.931, -0.979, -0.931, -0.792, -0.575, -0.303, 0.000, 0.303, 0.575, 0.792, 0.931, 0.979, 0.931, 0.792, 0.575, 0.303, 0.000
2.500,0.000, -0.309, -0.587, -0.808, -0.950, -0.999, -0.950, -0.808, -0.587, -0.309, 0.000, 0.309, 0.587, 0.808, 0.950, 0.999, 0.950, 0.808, 0.587, 0.309, 0.000
2.525,0.000, -0.307, -0.584, -0.804, -0.946, -0.994, -0.946, -0.804, -0.584, -0.307, 0.000, 0.307, 0.584, 0.804, 0.946, 0.994, 0.946, 0.804, 0.584, 0.307, 0.000
2.550,0.000, -0.298, -0.567, -0.781, -0.918, -0.965, -0.918, -0.781, -0.567, -0.298, 0.000, 0.298, 0.567, 0.781, 0.918, 0.965, 0.918, 0.781, 0.567, 0.298, 0.000
2.575,0.000, -0.282, -0.536, -0.738, -0.868, -0.913, -0.868, -0.738, -0.536, -0.282, -0.000, 0.282, 0.536, 0.738, 0.868, 0.913, 0.868, 0.738, 0.536, 0.282, 0.000
2.600,0.000, -0.259, -0.492, -0.678, -0.797, -0.838, -0.797, -0.678, -0.492, -0.259, -0.000, 0.259, 0.492, 0.678, 0.797, 0.838, 0.797, 0.678, 0.492, 0.259, 0.000
2.625,0.000, -0.229, -0.436, -0.600, -0.706, -0.742, -0.706, -0.600, -0.436, -0.229, -0.000, 0.229, 0.436, 0.600, 0.706, 0.742, 0.706, 0.600, 0.436, 0.229, 0.000
2.650,0.000, -0.194, -0.369, -0.509, -0.598, -0.629, -0.598, -0.509, -0.369, -0.194, -0.000, 0.194, 0.369, 0.509, 0.598, 0.629, 0.598, 0.509, 0.369, 0.194, 0.000
2.675,0.000, -0.154, -0.294, -0.404, -0.475, -0.500, -0.475, -0.404, -0.294, -0.154, -0.000, 0.154, 0.294, 0.404, 0.475, 0.500, 0.475, 0.404, 0.294, 0.154, 0.000
2.700,0.000, -0.111, -0.211, -0.290, -0.341, -0.358, -0.341, -0.290, -0.211, -0.111, -0.000, 0.111, 0.211, 0.290, 0.341, 0.358, 0.341, 0.290, 0.211, 0.111, 0.000
2.725,0.000, -0.064, -0.123, -0.169, -0.198, -0.208, -0.198, -0.169, -0.123, -0.064, -0.000, 0.064, 0.123, 0.169, 0.198, 0.208, 0.198, 0.169, 0.123, 0.064, 0.000
2.750,0.000, -0.016, -0.031, -0.043, -0.051, -0.053, -0.051, -0.043, -0.031, -0.016, -0.000, 0.016, 0.031, 0.043, 0.051, 0.053, 0.051, 0.043, 0.031, 0.016, 0.000
2.775,0.000, 0.032, 0.061, 0.083, 0.098, 0.103, 0.098, 0.083, 0.061, 0.032, -0.000, -0.032, -0.061, -0.083, -0.098, -0.103, -0.098, -0.083, -0.061, -0.032, 0.000
2.800,0.000, 0.079, 0.151, 0.208, 0.244, 0.257, 0.244, 0.208, 0.151, 0.079, 0.000, -0.079, -0.151, -0.208, -0.244, -0.257, -0.244, -0.208, -0.151, -0.079, 0.000
2.825,0.000, 0.125, 0.238, 0.327, 0.385, 0.404, 0.385, 0.327, 0.238, 0.125, 0.000, -0.125, -0.238, -0.327, -0.385, -0.404, -0.385, -0.327, -0.238, -0.125, 0.000
2.850,0.000, 0.168, 0.319, 0.439, 0.516, 0.542, 0.516, 0.439, 0.319, 0.168, 0.000, -0.168, -0.319, -0.439, -0.516, -0.542, -0.516, -0.439, -0.319, -0.168, 0.000
2.875,0.000, 0.206, 0.392, 0.539, 0.634, 0.667, 0.634, 0.539, 0.392, 0.206, 0.000, -0.206, -0.392, -0.539, -0.634, -0.667, -0.634, -0.539, -0.392, -0.206, 0.000
2.900,0.000, 0.239, 0.455, 0.627, 0.737, 0.775, 0.737, 0.627, 0.455, 0.239, 0.000, -0.239, -0.455, -0.627, -0.737, -0.775, -0.737, -0.627, -0.455, -0.239, 0.000
2.925,0.000, 0.267, 0.508, 0.699, 0.822, 0.864, 0.822, 0.699, 0.508, 0.267, 0.000, -0.267, -0.508, -0.699, -0.822, -0.864, -0.822, -0.699, -0.508, -0.267, 0.000
2.950,0.000, 0.288, 0.548, 0.754, 0.886, 0.932, 0.886, 0.754, 0.548, 0.288, 0.000, -0.288, -0.548, -0.754, -0.886, -0.932, -0.886, -0.754, -0.548, -0.288, 0.000
2.975,0.000, 0.302, 0.574, 0.790, 0.929, 0.977, 0.929, 0.790, 0.574, 0.302, 0.000, -0.302, -0.574, -0.790, -0.929, -0.977, -0.929, -0.790, -0.574, -0.302, 0.000
3.000,0.000, 0.308, 0.587, 0.808, 0.949, 0.998, 0.949, 0.808, 0.587, 0.308, 0.000, -0.308, -0.587, -0.808, -0.949, -0.998, -0.949, -0.808, -0.587, -0.308, 0.000
3.025,0.000, 0.308, 0.585, 0.805, 0.946, 0.995, 0.946, 0.805, 0.585, 0.308, 0.000, -0.308, -0.585, -0.805, -0.946, -0.995, -0.946, -0.805, -0.585, -0.308, 0.000
3.050,0.000, 0.299, 0.569, 0.783, 0.920, 0.968, 0.920, 0.783, 0.569, 0.299, 0.000, -0.299, -0.569, -0.783, -0.920, -0.968, -0.920, -0.783, -0.569, -0.299, 0.000
3.075,0.000, 0.283, 0.539, 0.741, 0.872, 0.916, 0.872, 0.741, 0.539, 0.283, 0.000, -0.283, -0.539, -0.741, -0.872, -0.916, -0.872, -0.741, -0.539, -0.283, 0.000
3.100,0.000, 0.260, 0.495, 0.682, 0.802, 0.843, 0.802, 0.682, 0.495, 0.260, 0.000, -0.260, -0.495, -0.682, -0.802, -0.843, -0.802, -0.682, -0.495, -0.260, 0.000
3.125,0.000, 0.231, 0.440, 0.606, 0.712, 0.749, 0.712, 0.606, 0.440, 0.231, 0.000, -0.231, -0.440, -0.606, -0.712, -0.749, -0.712, -0.606, -0.440, -0.231, 0.000
3.150,0.000, 0.197, 0.374, 0.515, 0.605, 0.636, 0.605, 0.515, 0.374, 0.197, 0.000, -0.197, -0.374, -0.515, -0.605, -0.636, -0.605, -0.515, -0.374, -0.197, 0.000
3.175,0.000, 0.157, 0.299, 0.411, 0.483, 0.508, 0.483, 0.411, 0.299, 0.157, 0.000, -0.157, -0.299, -0.411, -0.483, -0.508, -0.483, -0.411, -0.299, -0.157, 0.000
3.200,0.000, 0.114, 0.216, 0.297, 0.349, 0.367, 0.349, 0.297, 0.216, 0.114, 0.000, -0.114, -0.216, -0.297, -0.349, -0.367, -0.349, -0.297, -0.216, -0.114, 0.000
3.225,0.000, 0.067, 0.128, 0.176, 0.207, 0.218, 0.207, 0.176, 0.128, 0.067, 0.000, -0.067, -0.128, -0.176, -0.207, -0.218, -0.207, -0.176, -0.128, -0.067, 0.000
3.250,0.000, 0.019, 0.037, 0.051, 0.060, 0.063, 0.060, 0.051, 0.037, 0.019, -0.000, -0.019, -0.037, -0.051, -0.060, -0.063, -0.060, -0.051, -0.037, -0.019, 0.000
3.275,0.000, -0.029, -0.055, -0.076, -0.089, -0.093, -0.089, -0.076, -0.055, -0.029, -0.000, 0.029, 0.055, 0.076, 0.089, 0.093, 0.089, 0.076, 0.055, 0.029, 0.000
3.300,0.000, -0.076, -0.145, -0.200, -0.235, -0.248, -0.235, -0.200, -0.145, -0.076, -0.000, 0.076, 0.145, 0.200, 0.235, 0.248, 0.235, 0.200, 0.145, 0.076, 0.000
3.325,0.000, -0.122, -0.233, -0.320, -0.376, -0.396, -0.376, -0.320, -0.233, -0.122, -0.000, 0.122, 0.233, 0.320, 0.376, 0.396, 0.376, 0.320, 0.233, 0.122, 0.000
3.350,0.000, -0.165, -0.314, -0.432, -0.508, -0.534, -0.508, -0.432, -0.314, -0.165, -0.000, 0.165, 0.314, 0.432, 0.508, 0.534, 0.508, 0.432, 0.314, 0.165, 0.000
3.375,0.000, -0.204, -0.388, -0.533, -0.627, -0.659, -0.627, -0.533, -0.388, -0.204, -0.000, 0.204, 0.388, 0.533, 0.627, 0.659, 0.627, 0.533, 0.388, 0.204, 0.000
3.400,0.000, -0.237, -0.452, -0.622, -0.731, -0.768, -0.731, -0.622, -0.452, -0.237, -0.000, 0.237, 0.452, 0.622, 0.731, 0.768, 0.731, 0.622, 0.452, 0.237, 0.000
3.425,0.000, -0.265, -0.505, -0.695, -0.817, -0.859, -0.817, -0.695, -0.505, -0.265, -0.000, 0.265, 0.505, 0.695, 0.817, 0.859, 0.817, 0.695, 0.505, 0.265, 0.000
3.450,0.000, -0.287, -0.546, -0.751, -0.883, -0.928, -0.883, -0.751, -0.546, -0.287, -0.000, 0.287, 0.546, 0.751, 0.883, 0.928, 0.883, 0.751, 0.546, 0.287, 0.000
3.475,0.000, -0.301, -0.573, -0.789, -0.927, -0.975, -0.927, -0.789, -0.573, -0.301, -0.000, 0.301, 0.573, 0.789, 0.927, 0.975, 0.927, 0.789, 0.573, 0.301, 0.000
3.500,0.000, -0.308, -0.586, -0.807, -0.949, -0.998, -0.949, -0.807, -0.586, -0.308, -0.000, 0.308, 0.586, 0.807, 0.949, 0.998, 0.949, 0.807, 0.586, 0.308, 0.000
3.525,0.000, -0.308, -0.585, -0.806, -0.947, -0.996, -0.947, -0.806, -0.585, -0.308, -0.000, 0.308, 0.585, 0.806, 0.947, 0.996, 0.947, 0.806, 0.585, 0.308, 0.000
3.550,0.000, -0.300, -0.570, -0.785, -0.923, -0.970, -0.923, -0.785, -0.570, -0.300, 0.000, 0.300, 0.570, 0.785, 0.923, 0.970, 0.923, 0.785, 0.570, 0.300, 0.000
3.575,0.000, -0.284, -0.541, -0.745, -0.875, -0.920, -0.875, -0.745, -0.541, -0.284, 0.000, 0.284, 0.541, 0.745, 0.875, 0.920, 0.875, 0.745, 0.541, 0.284, 0.000
3.600,0.000, -0.262, -0.498, -0.686, -0.807, -0.848, -0.807, -0.686, -0.498, -0.262, 0.000, 0.262, 0.498, 0.686, 0.807, 0.848, 0.807, 0.686, 0.498, 0.262, 0.000
3.625,0.000, -0.233, -0.444, -0.611, -0.718, -0.755, -0.718, -0.611, -0.444, -0.233, 0.000, 0.233, 0.444, 0.611, 0.718, 0.755, 0.718, 0.611, 0.444, 0.233, 0.000
3.650,0.000, -0.199, -0.378, -0.521, -0.612, -0.644, -0.612, -0.521, -0.378, -0.199, 0.000, 0.199, 0.378, 0.521, 0.612, 0.644, 0.612, 0.521, 0.378, 0.199, 0.000
3.675,0.000, -0.160, -0.303, -0.418, -0.491, -0.516, -0.491, -0.418, -0.303, -0.160, 0.000, 0.160, 0.303, 0.418, 0.491, 0.516, 0.491, 0.418, 0.303, 0.160, 0.000
3.700,0.000, -0.116, -0.221, -0.305, -0.358, -0.376, -0.358, -0.305, -0.221, -0.116, 0.000, 0.116, 0.221, 0.305, 0.358, 0.376, 0.358, 0.305, 0.221, 0.116, 0.000
3.725,0.000, -0.070, -0.134, -0.184, -0.216, -0.227, -0.216, -0.184, -0.134, -0.070, 0.000, 0.070, 0.134, 0.184, 0.216, 0.227, 0.216, 0.184, 0.134, 0.070, 0.000
3.750,0.000, -0.022, -0.043, -0.059, -0.069, -0.073, -0.069, -0.059, -0.043, -0.022, 0.000, 0.022, 0.043, 0.059, 0.069, 0.073, 0.069, 0.059, 0.043, 0.022, 0.000
3.775,0.000, 0.026, 0.049, 0.068, 0.080, 0.084, 0.080, 0.068, 0.049, 0.026, 0.000, -0.026, -0.049, -0.068, -0.080, -0.084, -0.080, -0.068, -0.049, -0.026, 0.000
3.800,0.000, 0.074, 0.140, 0.193, 0.226, 0.238, 0.226, 0.193, 0.140, 0.074, -0.000, -0.074, -0.140, -0.193, -0.226, -0.238, -0.226, -0.193, -0.140, -0.074, 0.000
3.825,0.000, 0.119, 0.227, 0.313, 0.368, 0.387, 0.368, 0.313, 0.227, 0.119, -0.000, -0.119, -0.227, -0.313, -0.368, -0.387, -0.368, -0.313, -0.227, -0.119, 0.000
3.850,0.000, 0.162, 0.309, 0.425, 0.500, 0.526, 0.500, 0.425, 0.309, 0.162, -0.000, -0.162, -0.309, -0.425, -0.500, -0.526, -0.500, -0.425, -0.309, -0.162, 0.000
3.875,0.000, 0.201, 0.383, 0.527, 0.620, 0.652, 0.620, 0.527, 0.383, 0.201, -0.000, -0.201, -0.383, -0.527, -0.620, -0.652, -0.620, -0.527, -0.383, -0.201, 0.000
3.900,0.000, 0.236, 0.448, 0.617, 0.725, 0.762, 0.725, 0.617, 0.448, 0.236, -0.000, -0.236, -0.448, -0.617, -0.725, -0.762, -0.725, -0.617, -0.448, -0.236, 0.000
3.925,0.000, 0.264, 0.502, 0.691, 0.812, 0.854, 0.812, 0.691, 0.502, 0.264, -0.000, -0.264, -0.502, -0.691, -0.812, -0.854, -0.812, -0.691, -0.502, -0.264, 0.000
3.950,0.000, 0.286, 0.543, 0.748, 0.879, 0.925, 0.879, 0.748, 0.543, 0.286, -0.000, -0.286, -0.543, -0.748, -0.879, -0.925, -0.879, -0.748, -0.543, -0.286, 0.000
3.975,0.000, 0.301, 0.572, 0.787, 0.925, 0.973, 0.925, 0.787, 0.572, 0.301, -0.000, -0.301, -0.572, -0.787, -0.925, -0.973, -0.925, -0.787, -0.572, -0.301, 0.000
4.000,0.000, 0.308, 0.586, 0.807, 0.948, 0.997, 0.948, 0.807, 0.586, 0.308, -0.000, -0.308, -0.586, -0.807, -0.948, -0.997, -0.948, -0.807, -0.586, -0.308, 0.000
4.025,0.000, 0.308, 0.586, 0.806, 0.948, 0.997, 0.948, 0.806, 0.586, 0.308, -0.000, -0.308, -0.586, -0.806, -0.948, -0.997, -0.948, -0.806, -0.586, -0.308, 0.000
4.050,0.000, 0.300, 0.572, 0.787, 0.925, 0.972, 0.925, 0.787, 0.572, 0.300, -0.000, -0.300, -0.572, -0.787, -0.925, -0.972, -0.925, -0.787, -0.572, -0.300, 0.000
4.075,0.000, 0.286, 0.543, 0.748, 0.879, 0.924, 0.879, 0.748, 0.543, 0.286, -0.000, -0.286, -0.543, -0.748, -0.879, -0.924, -0.879, -0.748, -0.543, -0.286, 0.000
4.100,0.000, 0.264, 0.501, 0.690, 0.811, 0.853, 0.811, 0.690, 0.501, 0.264, -0.000, -0.264, -0.501, -0.690, -0.811, -0.853, -0.811, -0.690, -0.501, -0.264, 0.000
4.125,0.000, 0.235, 0.448, 0.616, 0.724, 0.761, 0.724, 0.616, 0.448, 0.235, -0.000, -0.235, -0.448, -0.616, -0.724, -0.761, -0.724, -0.616, -0.448, -0.235, 0.000
4.150,0.000, 0.201, 0.383, 0.527, 0.619, 0.651, 0.619, 0.527, 0.383, 0.201, -0.000, -0.201, -0.383, -0.527, -0.619, -0.651, -0.619, -0.527, -0.383, -0.201, 0.000
4.175,0.000, 0.162, 0.308, 0.424, 0.499, 0.525, 0.499, 0.424, 0.308, 0.162, -0.000, -0.162, -0.308, -0.424, -0.499, -0.525, -0.499, -0.424, -0.308, -0.162, 0.000
4.200,0.000, 0.119, 0.227, 0.312, 0.367, 0.385, 0.367, 0.312, 0.227, 0.119, -0.000, -0.119, -0.227, -0.312, -0.367, -0.385, -0.367, -0.312, -0.227, -0.119, 0.000
4.225,0.000, 0.073, 0.139, 0.192, 0.225, 0.237, 0.225, 0.192, 0.139, 0.073, -0.000, -0.073, -0.139, -0.192, -0.225, -0.237, -0.225, -0.192, -0.139, -0.073, 0.000
4.250,0.000, 0.025, 0.048, 0.067, 0.078, 0.082, 0.078, 0.067, 0.048, 0.025, -0.000, -0.025, -0.048, -0.067, -0.078, -0.082, -0.078, -0.067, -0.048, -0.025, 0.000
4.275,0.000, -0.023, -0.044, -0.060, -0.070, -0.074, -0.070, -0.060, -0.044, -0.023, 0.000, 0.023, 0.044, 0.060, 0.070, 0.074, 0.070, 0.060, 0.044, 0.023, 0.000
4.300,0.000, -0.071, -0.134, -0.185, -0.217, -0.229, -0.217, -0.185, -0.134, -0.071, 0.000, 0.071, 0.134, 0.185, 0.217, 0.229, 0.217, 0.185, 0.134, 0.071, 0.000
4.325,0.000, -0.117, -0.222, -0.306, -0.359, -0.378, -0.359, -0.306, -0.222, -0.117, 0.000, 0.117, 0.222, 0.306, 0.359, 0.378, 0.359, 0.306, 0.222, 0.117, 0.000
4.350,0.000, -0.160, -0.304, -0.419, -0.492, -0.517, -0.492, -0.419, -0.304, -0.160, 0.000, 0.160, 0.304, 0.419, 0.492, 0.517, 0.492, 0.419, 0.304, 0.160, 0.000
4.375,0.000, -0.199, -0.379, -0.521, -0.613, -0.645, -0.613, -0.521, -0.379, -0.199, 0.000, 0.199, 0.379, 0.521, 0.613, 0.645, 0.613, 0.521, 0.379, 0.199, 0.000
4.400,0.000, -0.234, -0.444, -0.612, -0.719, -0.756, -0.719, -0.612, -0.444, -0.234, 0.000, 0.234, 0.444, 0.612, 0.719, 0.756, 0.719, 0.612, 0.444, 0.234, 0.000
4.425,0.000, -0.262, -0.499, -0.687, -0.807, -0.849, -0.807, -0.687, -0.499, -0.262, 0.000, 0.262, 0.499, 0.687, 0.807, 0.849, 0.807, 0.687, 0.499, 0.262, 0.000
4.450,0.000, -0.285, -0.541, -0.745, -0.876, -0.921, -0.876, -0.745, -0.541, -0.285, 0.000, 0.285, 0.541, 0.745, 0.876, 0.921, 0.876, 0.745, 0.541, 0.285, 0.000
4.475,0.000, -0.300, -0.570, -0.785, -0.923, -0.970, -0.923, -0.785, -0.570, -0.300, 0.000, 0.300, 0.570, 0.785, 0.923, 0.970, 0.923, 0.785, 0.570, 0.300, 0.000
4.500,0.000, -0.308, -0.586, -0.806, -0.947, -0.996, -0.947, -0.806, -0.586, -0.308, 0.000, 0.308, 0.586, 0.806, 0.947, 0.996, 0.947, 0.806, 0.586, 0.308, 0.000
4.525,0.000, -0.308, -0.586, -0.807, -0.949, -0.998, -0.949, -0.807, -0.586, -0.308, 0.000, 0.308, 0.586, 0.807, 0.949, 0.998, 0.949, 0.807, 0.586, 0.308, 0.000
4.550,0.000, -0.301, -0.573, -0.788, -0.927, -0.975, -0.927, -0.788, -0.573, -0.301, 0.000, 0.301, 0.573, 0.788, 0.927, 0.975, 0.927, 0.788, 0.573, 0.301, 0.000
4.575,0.000, -0.287, -0.545, -0.751, -0.882, -0.928, -0.882, -0.751, -0.545, -0.287, -0.000, 0.287, 0.545, 0.751, 0.882, 0.928, 0.882, 0.751, 0.545, 0.287, 0.000
4.600,0.000, -0.265, -0.504, -0.694, -0.816, -0.858, -0.816, -0.694, -0.504, -0.265, -0.000, 0.265, 0.504, 0.694, 0.816, 0.858, 0.816, 0.694, 0.504, 0.265, 0.000
4.625,0.000, -0.237, -0.451, -0.621, -0.730, -0.768, -0.730, -0.621, -0.451, -0.237, -0.000, 0.237, 0.451, 0.621, 0.730, 0.768, 0.730, 0.621, 0.451, 0.237, 0.000
4.650,0.000, -0.203, -0.387, -0.533, -0.626, -0.658, -0.626, -0.533, -0.387, -0.203, -0.000, 0.203, 0.387, 0.533, 0.626, 0.658, 0.626, 0.533, 0.387, 0.203, 0.000
4.675,0.000, -0.165, -0.313, -0.431, -0.507, -0.533, -0.507, -0.431, -0.313, -0.165, -0.000, 0.165, 0.313, 0.431, 0.507, 0.533, 0.507, 0.431, 0.313, 0.165, 0.000
4.700,0.000, -0.122, -0.232, -0.319, -0.375, -0.394, -0.375, -0.319, -0.232, -0.122, -0.000, 0.122, 0.232, 0.319, 0.375, 0.394, 0.375, 0.319, 0.232, 0.122, 0.000
4.725,0.000, -0.076, -0.145, -0.199, -0.234, -0.246, -0.234, -0.199, -0.145, -0.076, -0.000, 0.076, 0.145, 0.199, 0.234, 0.246, 0.234, 0.199, 0.145, 0.076, 0.000
4.750,0.000, -0.028, -0.054, -0.074, -0.088, -0.092, -0.088, -0.074, -0.054, -0.028, -0.000, 0.028, 0.054, 0.074, 0.088, 0.092, 0.088, 0.074, 0.054, 0.028, 0.000
4.775,0.000, 0.020, 0.038, 0.052, 0.061, 0.064, 0.061, 0.052, 0.038, 0.020, -0.000, -0.020, -0.038, -0.052, -0.061, -0.064, -0.061, -0.052, -0.038, -0.020, 0.000
4.800,0.000, 0.068, 0.129, 0.177, 0.208, 0.219, 0.208, 0.177, 0.129, 0.068, -0.000, -0.068, -0.129, -0.177, -0.208, -0.219, -0.208, -0.177, -0.129, -0.068, 0.000
4.825,0.000, 0.114, 0.217, 0.298, 0.351, 0.369, 0.351, 0.298, 0.217, 0.114, 0.000, -0.114, -0.217, -0.298, -0.351, -0.369, -0.351, -0.298, -0.217, -0.114, 0.000
4.850,0.000, 0.157, 0.299, 0.412, 0.484, 0.509, 0.484, 0.412, 0.299, 0.157, 0.000, -0.157, -0.299, -0.412, -0.484, -0.509, -0.484, -0.412, -0.299, -0.157, 0.000
4.875,0.000, 0.197, 0.375, 0.515, 0.606, 0.637, 0.606, 0.515, 0.375, 0.197, 0.000, -0.197, -0.375, -0.515, -0.606, -0.637, -0.606, -0.515, -0.375, -0.197, 0.000
4.900,0.000, 0.232, 0.441, 0.606, 0.713, 0.750, 0.713, 0.606, 0.441, 0.232, 0.000, -0.232, -0.441, -0.606, -0.713, -0.750, -0.713, -0.606, -0.441, -0.232, 0.000
4.925,0.000, 0.261, 0.496, 0.682, 0.802, 0.844, 0.802, 0.682, 0.496, 0.261, 0.000, -0.261, -0.496, -0.682, -0.802, -0.844, -0.802, -0.682, -0.496, -0.261, 0.000
4.950,0.000, 0.283, 0.539, 0.742, 0.872, 0.917, 0.872, 0.742, 0.539, 0.283, 0.000, -0.283, -0.539, -0.742, -0.872, -0.917, -0.872, -0.742, -0.539, -0.283, 0.000
4.975,0.000, 0.299, 0.569, 0.783, 0.921, 0.968, 0.921, 0.783, 0.569, 0.299, 0.000, -0.299, -0.569, -0.783, -0.921, -0.968, -0.921, -0.783, -0.569, -0.299, 0.000

