Gears Three Point
t_k, y_k, y_real
0,0,0
0.01,0.868982,1.01787
0.02,1.09588,1.03764
0.03,1.0627,1.05717
0.04,1.06632,1.0765
0.05,1.094,1.09564
0.06,1.11562,1.11459
0.07,1.13353,1.13335
0.08,1.15179,1.15192
0.09,1.17028,1.17031
0.1,1.18853,1.18852
0.11,1.20654,1.20654
0.12,1.22438,1.22439
0.13,1.24205,1.24205
0.14,1.25954,1.25954
0.15,1.27686,1.27686
0.16,1.29401,1.29401
0.17,1.31098,1.31098
0.18,1.32779,1.32779
0.19,1.34443,1.34443
0.2,1.3609,1.3609
0.21,1.37721,1.37721
0.22,1.39336,1.39336
0.23,1.40934,1.40934
0.24,1.42517,1.42517
0.25,1.44084,1.44084
0.26,1.45635,1.45635
0.27,1.47171,1.47171
0.28,1.48692,1.48692
0.29,1.50197,1.50198
0.3,1.51688,1.51688
0.31,1.53164,1.53164
0.32,1.54625,1.54625
0.33,1.56071,1.56071
0.34,1.57503,1.57504
0.35,1.58921,1.58921
0.36,1.60325,1.60325
0.37,1.61715,1.61715
0.38,1.63091,1.63091
0.39,1.64453,1.64453
0.4,1.65802,1.65802
0.41,1.67137,1.67137
0.42,1.68459,1.68459
0.43,1.69768,1.69768
0.44,1.71064,1.71064
0.45,1.72347,1.72347
0.46,1.73617,1.73617
0.47,1.74874,1.74875
0.48,1.76119,1.7612
0.49,1.77352,1.77352
0.5,1.78572,1.78573
0.51,1.79781,1.79781
0.52,1.80977,1.80977
0.53,1.82161,1.82161
0.54,1.83334,1.83334
0.55,1.84495,1.84495
0.56,1.85644,1.85644
0.57,1.86782,1.86782
0.58,1.87908,1.87908
0.59,1.89024,1.89024
0.6,1.90128,1.90128
0.61,1.91221,1.91221
0.62,1.92303,1.92304
0.63,1.93375,1.93375
0.64,1.94436,1.94436
0.65,1.95486,1.95486
0.66,1.96526,1.96526
0.67,1.97556,1.97556
0.68,1.98575,1.98575
0.69,1.99584,1.99584
0.7,2.00584,2.00584
0.71,2.01573,2.01573
0.72,2.02552,2.02552
0.73,2.03522,2.03522
0.74,2.04482,2.04482
0.75,2.05432,2.05432
0.76,2.06373,2.06373
0.77,2.07305,2.07305
0.78,2.08227,2.08227
0.79,2.0914,2.0914
0.8,2.10044,2.10044
0.81,2.10939,2.10939
0.82,2.11825,2.11826
0.83,2.12703,2.12703
0.84,2.13571,2.13572
0.85,2.14431,2.14432
0.86,2.15283,2.15283
0.87,2.16126,2.16126
0.88,2.1696,2.1696
0.89,2.17787,2.17787
0.9,2.18605,2.18605
0.91,2.19415,2.19415
0.92,2.20216,2.20216
0.93,2.2101,2.2101
0.94,2.21796,2.21796
0.95,2.22574,2.22574
0.96,2.23345,2.23345
0.97,2.24107,2.24108
0.98,2.24863,2.24863
0.99,2.2561,2.2561
1,2.2635,2.26351
1.01,2.27083,2.27083
1.02,2.27809,2.27809
1.03,2.28527,2.28527
1.04,2.29238,2.29238
1.05,2.29942,2.29942
1.06,2.30639,2.3064
1.07,2.3133,2.3133
1.08,2.32013,2.32013
1.09,2.32689,2.32689
1.1,2.33359,2.33359
1.11,2.34022,2.34022
1.12,2.34679,2.34679
1.13,2.35329,2.35329
1.14,2.35972,2.35972
1.15,2.36609,2.36609
1.16,2.3724,2.3724
1.17,2.37864,2.37865
1.18,2.38483,2.38483
1.19,2.39095,2.39095
1.2,2.39701,2.39701
1.21,2.40301,2.40301
1.22,2.40895,2.40895
1.23,2.41483,2.41483
1.24,2.42065,2.42065
1.25,2.42642,2.42642
1.26,2.43212,2.43212
1.27,2.43777,2.43778
1.28,2.44337,2.44337
1.29,2.44891,2.44891
1.3,2.45439,2.45439
1.31,2.45982,2.45982
1.32,2.46519,2.4652
1.33,2.47052,2.47052
1.34,2.47578,2.47578
1.35,2.481,2.481
1.36,2.48616,2.48617
1.37,2.49128,2.49128
1.38,2.49634,2.49634
1.39,2.50135,2.50135
1.4,2.50631,2.50631
1.41,2.51122,2.51123
1.42,2.51609,2.51609
1.43,2.5209,2.5209
1.44,2.52567,2.52567
1.45,2.53039,2.53039
1.46,2.53506,2.53506
1.47,2.53969,2.53969
1.48,2.54427,2.54427
1.49,2.5488,2.5488
1.5,2.55329,2.55329
1.51,2.55774,2.55774
1.52,2.56214,2.56214
1.53,2.5665,2.5665
1.54,2.57081,2.57081
1.55,2.57508,2.57508
1.56,2.57931,2.57931
1.57,2.58349,2.58349
1.58,2.58764,2.58764
1.59,2.59174,2.59174
1.6,2.5958,2.5958
1.61,2.59982,2.59982
1.62,2.60381,2.60381
1.63,2.60775,2.60775
1.64,2.61165,2.61165
1.65,2.61552,2.61552
1.66,2.61934,2.61934
1.67,2.62313,2.62313
1.68,2.62688,2.62688
1.69,2.63059,2.63059
1.7,2.63427,2.63427
1.71,2.63791,2.63791
1.72,2.64151,2.64151
1.73,2.64508,2.64508
1.74,2.64861,2.64861
1.75,2.6521,2.6521
1.76,2.65557,2.65557
1.77,2.65899,2.65899
1.78,2.66239,2.66239
1.79,2.66575,2.66575
1.8,2.66907,2.66907
1.81,2.67236,2.67236
1.82,2.67562,2.67562
1.83,2.67885,2.67885
1.84,2.68205,2.68205
1.85,2.68521,2.68521
1.86,2.68834,2.68834
1.87,2.69144,2.69144
1.88,2.69451,2.69451
1.89,2.69755,2.69755
1.9,2.70056,2.70056
1.91,2.70354,2.70354
1.92,2.70649,2.70649
1.93,2.70941,2.70941
1.94,2.7123,2.7123
1.95,2.71517,2.71517
1.96,2.718,2.718
1.97,2.72081,2.72081
1.98,2.72359,2.72359
1.99,2.72634,2.72634
2,2.72906,2.72906
2.01,2.73175,2.73175
2.02,2.73442,2.73442
2.03,2.73707,2.73707
2.04,2.73968,2.73968
2.05,2.74227,2.74227
2.06,2.74484,2.74484
2.07,2.74738,2.74738
2.08,2.74989,2.74989
2.09,2.75238,2.75238
2.1,2.75484,2.75484
2.11,2.75728,2.75728
2.12,2.7597,2.7597
2.13,2.76209,2.76209
2.14,2.76445,2.76446
2.15,2.7668,2.7668
2.16,2.76912,2.76912
2.17,2.77142,2.77142
2.18,2.77369,2.77369
2.19,2.77594,2.77594
2.2,2.77817,2.77817
2.21,2.78038,2.78038
2.22,2.78256,2.78256
2.23,2.78473,2.78473
2.24,2.78687,2.78687
2.25,2.78899,2.78899
2.26,2.79109,2.79109
2.27,2.79317,2.79317
2.28,2.79523,2.79523
2.29,2.79726,2.79726
2.3,2.79928,2.79928
2.31,2.80128,2.80128
2.32,2.80326,2.80326
2.33,2.80521,2.80521
2.34,2.80715,2.80715
2.35,2.80907,2.80907
2.36,2.81097,2.81097
2.37,2.81285,2.81285
2.38,2.81471,2.81471
2.39,2.81656,2.81656
2.4,2.81838,2.81838
2.41,2.82019,2.82019
2.42,2.82198,2.82198
2.43,2.82375,2.82375
2.44,2.8255,2.8255
2.45,2.82724,2.82724
2.46,2.82896,2.82896
2.47,2.83066,2.83066
2.48,2.83235,2.83235
2.49,2.83401,2.83401
2.5,2.83567,2.83567
2.51,2.8373,2.8373
2.52,2.83892,2.83892
2.53,2.84052,2.84052
2.54,2.84211,2.84211
2.55,2.84368,2.84368
2.56,2.84524,2.84524
2.57,2.84678,2.84678
2.58,2.8483,2.8483
2.59,2.84981,2.84981
2.6,2.8513,2.8513
2.61,2.85278,2.85278
2.62,2.85425,2.85425
2.63,2.8557,2.8557
2.64,2.85713,2.85713
2.65,2.85856,2.85856
2.66,2.85996,2.85996
2.67,2.86136,2.86136
2.68,2.86274,2.86274
2.69,2.8641,2.8641
2.7,2.86545,2.86545
2.71,2.86679,2.86679
2.72,2.86812,2.86812
2.73,2.86943,2.86943
2.74,2.87073,2.87073
2.75,2.87202,2.87202
2.76,2.87329,2.87329
2.77,2.87455,2.87455
2.78,2.8758,2.8758
2.79,2.87703,2.87703
2.8,2.87826,2.87826
2.81,2.87947,2.87947
2.82,2.88067,2.88067
2.83,2.88186,2.88186
2.84,2.88303,2.88303
2.85,2.8842,2.8842
2.86,2.88535,2.88535
2.87,2.88649,2.88649
2.88,2.88762,2.88762
2.89,2.88874,2.88874
2.9,2.88984,2.88984
2.91,2.89094,2.89094
2.92,2.89202,2.89202
2.93,2.8931,2.8931
2.94,2.89416,2.89416
2.95,2.89522,2.89522
2.96,2.89626,2.89626
2.97,2.89729,2.89729
2.98,2.89831,2.89831
2.99,2.89932,2.89932
3,2.90033,2.90033
3.01,2.90132,2.90132
3.02,2.9023,2.9023
3.03,2.90327,2.90327
3.04,2.90423,2.90423
3.05,2.90519,2.90519
3.06,2.90613,2.90613
3.07,2.90706,2.90706
3.08,2.90799,2.90799
3.09,2.9089,2.90891
3.1,2.90981,2.90981
3.11,2.91071,2.91071
3.12,2.9116,2.9116
3.13,2.91248,2.91248
3.14,2.91335,2.91335
3.15,2.91421,2.91421
3.16,2.91506,2.91506
3.17,2.91591,2.91591
3.18,2.91675,2.91675
3.19,2.91757,2.91757
3.2,2.91839,2.91839
3.21,2.91921,2.91921
3.22,2.92001,2.92001
3.23,2.92081,2.92081
3.24,2.92159,2.92159
3.25,2.92237,2.92237
3.26,2.92315,2.92315
3.27,2.92391,2.92391
3.28,2.92467,2.92467
3.29,2.92542,2.92542
3.3,2.92616,2.92616
3.31,2.92689,2.92689
3.32,2.92762,2.92762
3.33,2.92834,2.92834
3.34,2.92906,2.92906
3.35,2.92976,2.92976
3.36,2.93046,2.93046
3.37,2.93115,2.93115
3.38,2.93184,2.93184
3.39,2.93252,2.93252
3.4,2.93319,2.93319
3.41,2.93385,2.93385
3.42,2.93451,2.93451
3.43,2.93516,2.93516
3.44,2.93581,2.93581
3.45,2.93645,2.93645
3.46,2.93708,2.93708
3.47,2.9377,2.9377
3.48,2.93832,2.93832
3.49,2.93894,2.93894
3.5,2.93954,2.93954
3.51,2.94015,2.94015
3.52,2.94074,2.94074
3.53,2.94133,2.94133
3.54,2.94192,2.94192
3.55,2.94249,2.94249
3.56,2.94307,2.94307
3.57,2.94363,2.94363
3.58,2.94419,2.94419
3.59,2.94475,2.94475
3.6,2.9453,2.9453
3.61,2.94584,2.94584
3.62,2.94638,2.94638
3.63,2.94691,2.94691
3.64,2.94744,2.94744
3.65,2.94797,2.94797
3.66,2.94848,2.94848
3.67,2.949,2.949
3.68,2.9495,2.9495
3.69,2.95001,2.95001
3.7,2.9505,2.9505
3.71,2.951,2.951
3.72,2.95148,2.95148
3.73,2.95197,2.95197
3.74,2.95244,2.95244
3.75,2.95292,2.95292
3.76,2.95339,2.95339
3.77,2.95385,2.95385
3.78,2.95431,2.95431
3.79,2.95476,2.95476
3.8,2.95521,2.95521
3.81,2.95566,2.95566
3.82,2.9561,2.9561
3.83,2.95654,2.95654
3.84,2.95697,2.95697
3.85,2.9574,2.9574
3.86,2.95782,2.95782
3.87,2.95824,2.95824
3.88,2.95866,2.95866
3.89,2.95907,2.95907
3.9,2.95948,2.95948
3.91,2.95988,2.95988
3.92,2.96028,2.96028
3.93,2.96067,2.96067
3.94,2.96106,2.96106
3.95,2.96145,2.96145
3.96,2.96184,2.96184
3.97,2.96222,2.96222
3.98,2.96259,2.96259
3.99,2.96296,2.96296
4,2.96333,2.96333
4.01,2.9637,2.9637
4.02,2.96406,2.96406
4.03,2.96442,2.96442
4.04,2.96477,2.96477
4.05,2.96512,2.96512
4.06,2.96547,2.96547
4.07,2.96581,2.96581
4.08,2.96615,2.96615
4.09,2.96649,2.96649
4.1,2.96682,2.96682
4.11,2.96715,2.96715
4.12,2.96748,2.96748
4.13,2.9678,2.9678
4.14,2.96812,2.96812
4.15,2.96844,2.96844
4.16,2.96875,2.96875
4.17,2.96906,2.96906
4.18,2.96937,2.96937
4.19,2.96968,2.96968
4.2,2.96998,2.96998
4.21,2.97028,2.97028
4.22,2.97057,2.97057
4.23,2.97087,2.97087
4.24,2.97116,2.97116
4.25,2.97144,2.97144
4.26,2.97173,2.97173
4.27,2.97201,2.97201
4.28,2.97229,2.97229
4.29,2.97256,2.97256
4.3,2.97284,2.97284
4.31,2.97311,2.97311
4.32,2.97337,2.97337
4.33,2.97364,2.97364
4.34,2.9739,2.9739
4.35,2.97416,2.97416
4.36,2.97442,2.97442
4.37,2.97467,2.97467
4.38,2.97492,2.97492
4.39,2.97517,2.97517
4.4,2.97542,2.97542
4.41,2.97567,2.97567
4.42,2.97591,2.97591
4.43,2.97615,2.97615
4.44,2.97638,2.97638
4.45,2.97662,2.97662
4.46,2.97685,2.97685
4.47,2.97708,2.97708
4.48,2.97731,2.97731
4.49,2.97754,2.97754
4.5,2.97776,2.97776
4.51,2.97798,2.97798
4.52,2.9782,2.9782
4.53,2.97842,2.97842
4.54,2.97863,2.97863
4.55,2.97884,2.97884
4.56,2.97905,2.97905
4.57,2.97926,2.97926
4.58,2.97947,2.97947
4.59,2.97967,2.97967
4.6,2.97988,2.97988
4.61,2.98008,2.98008
4.62,2.98027,2.98027
4.63,2.98047,2.98047
4.64,2.98067,2.98067
4.65,2.98086,2.98086
4.66,2.98105,2.98105
4.67,2.98124,2.98124
4.68,2.98142,2.98142
4.69,2.98161,2.98161
4.7,2.98179,2.98179
4.71,2.98197,2.98197
4.72,2.98215,2.98215
4.73,2.98233,2.98233
4.74,2.98251,2.98251
4.75,2.98268,2.98268
4.76,2.98285,2.98285
4.77,2.98302,2.98302
4.78,2.98319,2.98319
4.79,2.98336,2.98336
4.8,2.98352,2.98352
4.81,2.98369,2.98369
4.82,2.98385,2.98385
4.83,2.98401,2.98401
4.84,2.98417,2.98417
4.85,2.98433,2.98433
4.86,2.98448,2.98448
4.87,2.98464,2.98464
4.88,2.98479,2.98479
4.89,2.98494,2.98494
4.9,2.98509,2.98509
4.91,2.98524,2.98524
4.92,2.98539,2.98539
4.93,2.98553,2.98553
4.94,2.98568,2.98568
4.95,2.98582,2.98582
4.96,2.98596,2.98596
4.97,2.9861,2.9861
4.98,2.98624,2.98624
4.99,2.98638,2.98638
5,2.98651,2.98651
5.01,2.98664,2.98664

